BST_HEIGHT: 50000
AVL_HEIGHT: 16
BST_IS_BALANCED: False
AVL_IS_BALANCED: True
BST_SEARCH_TIME: 0.009121899999627203
AVL_SEARCH_TIME: 1.140000040322775e-05
SEARCH_RATIO_BST_vs_AVL: 800.1666383313868
